bundle_fqids_markus <-
    c("980b814a-b493-4611-8157-c0193590e7d9.2018-11-12T131442.994059Z",
      "7243c745-606d-4827-9fea-65a925d5ab98.2018-11-07T002256.653887Z",
      "512349db-7f79-4f57-a53e-47b27696c26c.2018-11-06T232414.431074Z",
      "c4138aee-756e-40a4-a11e-d813bcfef335.2018-11-06T232255.397474Z",
      "9aa3b71c-5bcf-4e1b-9c09-9417a961d37b.2018-11-06T232139.258511Z",
      "79e14c18-7bf7-4883-92a1-b7b26c3067d4.2018-11-06T232117.884033Z",
      "c1acf0f7-4e5d-4ab1-a1c2-85af2d5f2cae.2018-11-06T232103.383117Z",
      "87d0081c-c811-4d56-84be-e7631159572d.2018-11-06T232024.210303Z",
      "d30bd7b4-df44-4482-b293-ef90dc92c66a.2018-11-06T232016.159069Z",
      "b3d432cb-608c-46bb-a826-47cc291f900c.2018-11-06T231958.164072Z",
      "fe6de93d-60ff-4ef6-9a10-2bb0552436f2.2018-11-06T231935.506787Z",
      "0908c0da-2d54-420a-b1e9-42817da6d300.2018-11-06T231931.675130Z",
      "06125751-05ef-4e96-97d4-e20c7f55c322.2018-11-06T231906.149926Z",
      "fa7e74cc-ceed-4c44-a89b-5283eeb3cf6f.2018-11-06T231904.128214Z",
      "3fe54aa2-6b71-44b3-871e-a8ec9b129591.2018-11-06T231857.271409Z",
      "e57fe6b4-9029-4c93-b7bd-63434611a8cc.2018-11-06T231852.286929Z",
      "31a65659-4da8-4aaf-ac79-b9ca50da79d9.2018-11-06T231846.456329Z",
      "b691bd0d-f8f7-4e52-940c-5c685220ecd2.2018-11-06T231825.263658Z",
      "746fe975-6629-4d43-9631-302a9aeb25d7.2018-11-06T231822.272187Z",
      "3d42ca34-7f1c-4015-bf62-cf8821579178.2018-11-06T231814.841498Z",
      "2ec96e8c-6d28-4d98-9a19-7c95bbe13ce2.2018-11-06T231809.821560Z",
      "1d6de514-115f-4ed6-8d11-22ad02e394bc.2018-11-06T231755.376078Z",
      "2c7dd7d8-4590-4c1e-8697-6be3978779cd.2018-11-06T231745.274338Z",
      "1134eb98-e7e9-45af-b2d8-b9886b633929.2018-11-06T231738.177145Z",
      "739cf2fb-4c55-4a06-b639-c0f4bf03ef3e.2018-11-06T231738.085080Z",
      "e416b819-ea40-4541-9f44-b12042318b19.2018-11-06T231732.568236Z",
      "f263ccd1-5e55-4dd3-8597-a98fbf7585b5.2018-11-06T231710.629025Z",
      "012f778c-7a7e-45d0-8d83-023e9475122d.2018-11-06T231705.638489Z",
      "88caad91-2b88-4fc5-b020-11cb6a8a11a1.2018-11-06T231705.557533Z",
      "6f24dbc0-e6fb-4259-b760-bd9298e95082.2018-11-06T231701.113711Z",
      "b8a2736a-073c-4b98-baa2-eb441821bc7b.2018-11-06T231651.163430Z",
      "8eda5f9e-f78c-46fe-838c-dc1cf52bedb8.2018-11-06T231624.958923Z",
      "628c1158-9ef8-44db-8a58-d19e26d0543b.2018-11-06T231624.052093Z",
      "02e87913-9d77-4496-a7a0-a9ec7e6a2b71.2018-11-06T231618.750651Z",
      "ec822e56-c990-4878-82db-524c197572d8.2018-11-06T231554.821583Z",
      "714db721-324e-45ff-87d9-099cb32b3ff0.2018-11-06T231552.964272Z",
      "3ac0e818-3289-4b80-916e-8d4f8306beef.2018-11-06T231546.364620Z",
      "0b6af01c-34ec-439d-be3f-1cb08f9587cb.2018-11-06T231535.922996Z",
      "9add0b97-6bea-4a97-95dc-390361f90eac.2018-11-06T231512.005456Z",
      "431fd5a5-85d4-4416-a4dc-aeb5ffa07e9a.2018-11-06T231509.351710Z",
      "98d981bd-a588-4336-9e2c-bf58b32f77d8.2018-11-06T231506.915559Z",
      "f43a06c5-3cfd-4ad2-8967-907000ed1c68.2018-11-06T231502.012097Z",
      "d4582672-10b9-4d30-9887-04221876af7c.2018-11-06T231455.749097Z",
      "d8683858-f1a3-4e91-9342-464700006adc.2018-11-06T231443.710921Z",
      "76e1c8bc-5f9c-4db7-b5e2-e3b364480997.2018-11-06T231436.301045Z",
      "a781049e-7534-47d9-92bb-78a2813309b7.2018-11-06T231435.547170Z",
      "a794aefa-76ed-47c9-a7b3-411a216eec7d.2018-11-06T231429.480505Z",
      "46fc3b9d-5e8d-406a-9726-f221d08cec41.2018-11-06T231407.492341Z",
      "5bfd4bc0-2efc-4984-93ad-d3a53188716a.2018-11-06T231358.454831Z",
      "0e61ea34-c236-47d0-a640-c2e3bd72262e.2018-11-06T231344.116967Z",
      "d1d9a176-b3d6-442a-add7-308b14cc6ec7.2018-11-06T231318.860098Z",
      "668d7efc-7339-43f6-8b98-c1f0495d5c5c.2018-11-06T231318.325483Z",
      "890c0da3-f8b7-4b99-94d6-94701056662d.2018-11-06T231315.693801Z",
      "0552e6b3-ee09-425e-adbb-01fb9467e6f3.2018-11-06T231250.330922Z",
      "d8478549-1eca-4b28-9bc5-f64b4390f1c4.2018-11-06T231243.418113Z",
      "78972149-335a-463a-88e2-f512af444dcd.2018-11-06T231228.701096Z",
      "5cd92a3c-cd3c-4fe9-abf1-9428f0654aa8.2018-11-06T231204.979193Z",
      "f7cc1b7f-17ff-4d30-b45c-62bacb01a335.2018-11-06T231203.927623Z",
      "f4286b96-99cb-4494-aee1-462452cceb4f.2018-11-06T231146.176826Z",
      "2a3d0d6a-822d-4a40-a092-5877f6e005c5.2018-11-06T231143.129587Z",
      "5d4a041e-5c2a-4f8b-acba-b55e0f97a4b7.2018-11-06T231122.605618Z",
      "ed293114-3ebe-4215-b3c7-eccfbba3fd15.2018-11-06T231057.721526Z",
      "04b7255f-0d8c-4585-a5e4-bedf555ad3cc.2018-11-06T231045.193286Z",
      "8781ceaf-efcd-439e-9541-d5b2bc16d0a4.2018-11-06T231031.648540Z",
      "98fc3602-c9f0-44bd-897c-44988bc5d213.2018-11-06T231027.804035Z",
      "79c180ae-a05a-45dc-881e-54ae2bef8d4a.2018-11-06T231001.198879Z",
      "a00c0f6c-c86f-48c0-94eb-ac0beb2f08bb.2018-11-06T230948.272271Z",
      "b36b4586-41d5-41d8-9a37-d6d96edde602.2018-11-06T230917.280850Z",
      "e8166d65-a4ab-4497-b175-83a749ff174f.2018-11-06T230908.398113Z",
      "c9173080-6670-48df-a237-6ca87dbca9ea.2018-11-06T230847.306671Z",
      "b2114098-23e9-4aae-ba85-17895da27e48.2018-11-06T230821.461864Z",
      "260913c2-0907-4e59-b716-5b1beb7fd03f.2018-11-02T214420.157157Z",
      "1c2be253-e2f7-452e-addb-cb579df58ad2.2018-11-02T214418.074863Z",
      "16d000c4-bdb8-479a-b513-931d556256f1.2018-11-02T214214.580420Z",
      "1a1ad85d-a581-4629-85e5-789024f506b8.2018-11-02T213754.065482Z",
      "5309b4e0-60de-41bc-ae56-956bd6834f10.2018-11-02T213728.758862Z",
      "baab3ca2-0202-462b-81fa-7dc1756e0d6c.2018-11-02T213625.853640Z",
      "b2447cdc-8bc1-498e-99cd-27e2a66a355e.2018-11-02T212341.768472Z",
      "f2d0d899-4399-4f21-8f22-89da486787d2.2018-11-02T212319.617957Z",
      "c36b8b70-6000-4fd0-9d87-f1910a43881f.2018-11-02T212041.880368Z",
      "0bfddba8-ee62-42d5-a17d-57e2297f34f9.2018-11-02T211258.598489Z",
      "87c1d75f-e681-44f4-bfa5-562bc6423e40.2018-11-02T210723.944392Z",
      "e3bf174c-a7d7-47b6-9944-bcf2a10ac0dd.2018-11-02T210653.805635Z",
      "643daf26-d2cd-4b98-b528-e98290157bbe.2018-11-02T210510.648473Z",
      "ff9e4c72-c5df-4668-8594-7505dd532a93.2018-11-02T210413.770650Z",
      "9d3c5b52-58ef-4aac-958d-9d3b00af5811.2018-11-02T210013.186385Z",
      "80229271-cfa5-4e1e-a2b1-24bb51a23023.2018-11-02T205957.748717Z",
      "dddb8f2b-1593-49dc-b29a-06860a4c204e.2018-11-02T205956.876994Z",
      "ef785ffc-548e-46a8-9051-358e3fe43362.2018-11-02T205700.077528Z",
      "aef852d5-da42-49d6-80a7-123f6424dcbf.2018-11-02T205657.484671Z",
      "5b318be0-6fe9-4150-beec-ec5fad546dc9.2018-11-02T205625.497479Z",
      "26489b2f-a526-4642-bd23-b057db5b86d7.2018-11-02T205619.040095Z",
      "9c75506a-1ab8-42d6-ba34-e24e9b1e57b2.2018-11-02T205613.140036Z",
      "4640ec70-be55-420d-b373-a1512a9f6b4f.2018-11-02T205531.143333Z",
      "677c0b20-4b0f-48a1-b8ce-0e943c87cb8a.2018-11-02T205528.921497Z",
      "a1eaf77c-7442-417f-99d6-6f3e7d6e6433.2018-11-02T205508.801067Z",
      "277212cd-b9f4-45fb-bca4-3cad33dc4fb1.2018-11-02T205505.326624Z",
      "b39a3c9f-a186-4023-93d6-a26cd8bc3ae4.2018-11-02T205454.735232Z",
      "1f6c05a3-44d5-47f7-b1f6-3aef583f7a70.2018-11-02T205449.484873Z",
      "735ee5f0-3b94-4739-aec7-a2cf15560673.2018-11-02T205434.465962Z")
